40
2 1
3 1
3 2
4 1
4 2
4 3
5 1
5 2
5 3
5 4
6 1
6 2
6 3
6 4
6 5
7 2
7 3
7 4
7 5
7 6
8 1
8 2
8 3
8 5
8 6
8 7
9 1
9 2
9 3
9 4
9 5
9 6
9 7
9 8
10 1
10 2
10 3
10 4
10 5
10 6
10 7
10 8
10 9
11 6
11 7
11 8
11 9
12 6
12 7
12 8
12 9
12 11
13 2
13 3
13 6
13 7
13 8
13 9
13 10
13 11
13 12
14 2
14 3
14 6
14 7
14 8
14 9
14 10
14 11
14 12
14 13
15 6
15 7
15 8
15 9
15 11
15 12
15 13
15 14
16 9
16 11
16 12
16 13
16 14
16 15
17 8
17 9
17 11
17 12
17 13
17 14
17 15
17 16
18 8
18 9
18 11
18 12
18 13
18 14
18 15
18 16
18 17
19 13
19 14
19 15
19 16
19 17
19 18
20 8
20 9
20 11
20 12
20 13
20 14
20 15
20 16
20 17
20 18
20 19
21 1
21 2
21 3
21 4
21 5
21 8
21 10
22 1
22 2
22 3
22 8
22 10
22 21
23 1
23 2
23 3
23 8
23 10
23 21
23 22
24 1
24 21
24 22
24 23
25 1
25 2
25 3
25 4
25 5
25 10
25 21
25 22
25 23
25 24
26 1
26 2
26 3
26 4
26 5
26 6
26 7
26 8
26 9
26 10
26 13
26 14
26 17
26 18
26 21
26 22
26 23
26 25
27 1
27 2
27 3
27 4
27 5
27 6
27 7
27 8
27 9
27 10
27 12
27 13
27 14
27 17
27 18
27 21
27 22
27 23
27 25
27 26
28 1
28 2
28 3
28 8
28 10
28 21
28 22
28 23
28 24
28 25
28 26
28 27
29 1
29 2
29 3
29 8
29 9
29 10
29 13
29 14
29 17
29 18
29 21
29 22
29 23
29 26
29 27
29 28
30 1
30 2
30 3
30 8
30 9
30 10
30 13
30 14
30 17
30 18
30 21
30 22
30 23
30 26
30 27
30 28
30 29
31 8
31 9
31 10
31 13
31 14
31 17
31 18
31 19
31 20
31 26
31 27
31 28
31 29
31 30
32 8
32 10
32 13
32 14
32 17
32 18
32 19
32 20
32 26
32 27
32 28
32 29
32 30
32 31
33 18
33 27
33 28
33 29
33 30
33 31
33 32
34 3
34 8
34 10
34 13
34 14
34 17
34 18
34 19
34 20
34 21
34 22
34 23
34 26
34 27
34 28
34 29
34 30
34 31
34 32
34 33
35 2
35 3
35 8
35 10
35 13
35 14
35 17
35 18
35 19
35 21
35 22
35 23
35 26
35 27
35 28
35 29
35 30
35 31
35 32
35 33
35 34
36 18
36 19
36 28
36 29
36 30
36 31
36 32
36 33
36 34
36 35
37 8
37 9
37 10
37 12
37 13
37 14
37 15
37 16
37 17
37 18
37 19
37 20
37 26
37 27
37 29
37 30
37 31
37 32
37 33
37 34
37 35
37 36
38 8
38 13
38 14
38 17
38 18
38 19
38 20
38 27
38 29
38 30
38 31
38 32
38 33
38 34
38 35
38 36
38 37
39 8
39 13
39 14
39 17
39 18
39 19
39 20
39 27
39 28
39 29
39 30
39 31
39 32
39 33
39 34
39 35
39 36
39 37
39 38
40 8
40 13
40 14
40 17
40 18
40 19
40 20
40 26
40 27
40 28
40 29
40 30
40 31
40 32
40 33
40 34
40 35
40 36
40 37
40 38
40 39
