70
2 1
3 1
3 2
4 1
4 2
4 3
5 1
5 2
5 3
5 4
6 1
6 2
6 3
6 4
6 5
7 1
7 2
7 3
7 4
7 5
7 6
8 1
8 2
8 3
8 4
8 5
8 6
8 7
9 1
9 2
9 3
9 4
9 5
9 6
9 7
9 8
10 1
10 2
10 3
10 4
10 5
10 6
10 7
10 8
10 9
11 1
11 2
11 3
11 4
11 5
11 6
11 7
11 8
11 9
11 10
12 1
12 2
12 3
12 4
12 5
12 6
12 7
12 8
12 9
12 10
12 11
13 1
13 2
13 3
13 4
13 5
13 6
13 7
13 8
13 9
13 10
13 11
13 12
14 1
14 2
14 3
14 5
14 6
14 7
14 8
14 9
14 10
14 11
14 12
14 13
15 1
15 2
15 3
15 4
15 5
15 6
15 7
15 8
15 9
15 10
15 11
15 12
15 13
15 14
16 1
16 2
16 3
16 5
16 6
16 7
16 8
16 9
16 10
16 11
16 12
16 13
16 14
16 15
17 1
17 9
17 10
17 11
17 12
17 13
17 14
17 15
17 16
18 1
18 5
18 6
18 8
18 9
18 10
18 11
18 12
18 13
18 14
18 15
18 16
18 17
19 1
19 2
19 5
19 6
19 8
19 9
19 10
19 11
19 12
19 13
19 14
19 15
19 16
19 17
19 18
20 1
20 6
20 8
20 9
20 10
20 11
20 12
20 13
20 14
20 15
20 16
20 17
20 18
20 19
21 6
21 8
21 9
21 10
21 11
21 12
21 13
21 14
21 15
21 16
21 17
21 18
21 19
21 20
22 9
22 10
22 11
22 12
22 13
22 15
22 16
22 17
22 18
22 19
22 20
22 21
23 1
23 2
23 5
23 6
23 8
23 9
23 10
23 11
23 12
23 13
23 14
23 15
23 16
23 17
23 18
23 19
23 20
23 21
23 22
24 9
24 10
24 11
24 12
24 13
24 14
24 15
24 16
24 17
24 18
24 19
24 20
24 21
24 22
24 23
25 17
25 18
25 20
25 21
25 22
25 23
25 24
26 9
26 11
26 17
26 18
26 20
26 21
26 22
26 23
26 24
26 25
27 9
27 10
27 11
27 12
27 13
27 15
27 17
27 18
27 19
27 20
27 21
27 22
27 23
27 24
27 25
27 26
28 9
28 10
28 11
28 12
28 13
28 15
28 16
28 17
28 18
28 19
28 20
28 21
28 22
28 23
28 24
28 25
28 26
28 27
29 9
29 10
29 11
29 12
29 13
29 15
29 16
29 17
29 18
29 19
29 20
29 21
29 22
29 23
29 24
29 25
29 26
29 27
29 28
30 9
30 11
30 17
30 18
30 20
30 21
30 22
30 23
30 24
30 25
30 26
30 27
30 28
30 29
31 11
31 12
31 17
31 18
31 19
31 20
31 21
31 22
31 23
31 24
31 25
31 26
31 27
31 28
31 29
31 30
32 9
32 10
32 11
32 12
32 13
32 15
32 16
32 17
32 18
32 19
32 20
32 21
32 22
32 23
32 24
32 25
32 26
32 27
32 28
32 29
32 30
32 31
33 2
33 8
33 14
33 16
34 2
34 5
34 6
34 8
34 12
34 14
34 16
34 19
34 33
35 1
35 2
35 3
35 5
35 6
35 7
35 8
35 10
35 12
35 14
35 16
35 19
35 33
35 34
36 2
36 8
36 14
36 33
36 34
36 35
37 1
37 2
37 3
37 5
37 6
37 7
37 8
37 10
37 11
37 12
37 13
37 14
37 16
37 19
37 23
37 33
37 34
37 35
37 36
38 2
38 5
38 6
38 8
38 12
38 14
38 16
38 19
38 33
38 34
38 35
38 36
38 37
39 2
39 3
39 5
39 6
39 8
39 14
39 16
39 33
39 34
39 35
39 36
39 37
39 38
40 2
40 8
40 14
40 16
40 33
40 34
40 35
40 36
40 37
40 38
40 39
41 8
41 12
41 14
41 16
41 18
41 19
41 20
41 21
41 23
41 24
41 33
41 34
41 35
41 36
41 37
41 38
41 39
41 40
42 2
42 5
42 6
42 8
42 10
42 11
42 12
42 14
42 16
42 18
42 19
42 20
42 21
42 23
42 24
42 33
42 34
42 35
42 36
42 37
42 38
42 39
42 40
42 41
43 2
43 5
43 6
43 8
43 10
43 11
43 12
43 14
43 16
43 18
43 19
43 20
43 21
43 23
43 24
43 33
43 34
43 35
43 36
43 37
43 38
43 39
43 40
43 41
43 42
44 2
44 5
44 6
44 8
44 10
44 12
44 14
44 16
44 19
44 20
44 21
44 23
44 24
44 33
44 34
44 35
44 36
44 37
44 38
44 39
44 40
44 41
44 42
44 43
45 2
45 5
45 6
45 8
45 10
45 11
45 12
45 14
45 16
45 18
45 19
45 20
45 21
45 23
45 24
45 33
45 34
45 35
45 36
45 37
45 38
45 39
45 40
45 41
45 42
45 43
45 44
46 1
46 2
46 3
46 5
46 6
46 8
46 10
46 11
46 12
46 13
46 14
46 16
46 18
46 19
46 20
46 21
46 23
46 24
46 33
46 34
46 35
46 36
46 37
46 38
46 39
46 40
46 41
46 42
46 43
46 44
46 45
47 2
47 5
47 6
47 8
47 10
47 11
47 12
47 13
47 14
47 15
47 16
47 18
47 19
47 20
47 21
47 23
47 24
47 33
47 34
47 35
47 36
47 37
47 38
47 39
47 40
47 41
47 42
47 43
47 44
47 45
47 46
48 8
48 14
48 16
48 19
48 33
48 34
48 35
48 36
48 37
48 38
48 39
48 40
48 41
48 42
48 43
48 44
48 45
48 46
48 47
49 14
49 16
49 19
49 33
49 34
49 38
49 40
49 41
49 42
49 43
49 44
49 45
49 46
49 47
49 48
50 2
50 5
50 6
50 8
50 9
50 10
50 11
50 12
50 13
50 14
50 15
50 16
50 17
50 18
50 19
50 20
50 21
50 22
50 23
50 24
50 28
50 29
50 31
50 32
50 34
50 35
50 37
50 38
50 40
50 41
50 42
50 43
50 44
50 45
50 46
50 47
50 48
50 49
51 14
51 16
51 19
51 33
51 34
51 35
51 36
51 37
51 38
51 40
51 41
51 42
51 43
51 44
51 45
51 46
51 47
51 48
51 49
51 50
52 8
52 10
52 11
52 12
52 13
52 14
52 15
52 16
52 17
52 18
52 19
52 20
52 21
52 22
52 23
52 24
52 27
52 28
52 29
52 31
52 32
52 41
52 42
52 43
52 44
52 45
52 46
52 47
52 48
52 49
52 50
52 51
53 14
53 16
53 19
53 24
53 33
53 34
53 40
53 41
53 42
53 43
53 44
53 45
53 46
53 47
53 48
53 49
53 50
53 51
53 52
54 8
54 12
54 14
54 16
54 18
54 19
54 20
54 21
54 23
54 24
54 33
54 34
54 35
54 37
54 38
54 40
54 41
54 42
54 43
54 44
54 45
54 46
54 47
54 48
54 49
54 50
54 51
54 52
54 53
55 6
55 8
55 10
55 11
55 12
55 14
55 16
55 17
55 18
55 19
55 20
55 21
55 23
55 24
55 28
55 29
55 31
55 32
55 34
55 37
55 38
55 41
55 42
55 43
55 44
55 45
55 46
55 47
55 48
55 49
55 50
55 51
55 52
55 53
55 54
56 6
56 8
56 10
56 11
56 12
56 14
56 16
56 17
56 18
56 19
56 20
56 21
56 23
56 24
56 33
56 34
56 35
56 37
56 38
56 39
56 40
56 41
56 42
56 43
56 44
56 45
56 46
56 47
56 48
56 49
56 50
56 51
56 52
56 53
56 54
56 55
57 11
57 12
57 14
57 16
57 17
57 18
57 19
57 20
57 21
57 22
57 23
57 24
57 25
57 26
57 27
57 28
57 29
57 30
57 31
57 32
57 41
57 42
57 43
57 45
57 47
57 49
57 50
57 52
57 53
57 54
57 55
57 56
58 41
58 49
58 51
58 52
58 53
58 54
58 55
58 56
58 57
59 41
59 49
59 51
59 52
59 53
59 54
59 55
59 56
59 57
59 58
60 12
60 14
60 16
60 18
60 19
60 20
60 21
60 23
60 24
60 41
60 42
60 43
60 44
60 45
60 47
60 49
60 50
60 51
60 52
60 53
60 54
60 55
60 56
60 57
60 58
60 59
61 14
61 16
61 19
61 20
61 21
61 23
61 24
61 41
61 42
61 43
61 44
61 45
61 46
61 47
61 48
61 49
61 50
61 51
61 52
61 53
61 54
61 55
61 56
61 57
61 58
61 59
61 60
62 11
62 12
62 14
62 16
62 17
62 18
62 19
62 20
62 21
62 22
62 23
62 24
62 25
62 26
62 27
62 28
62 29
62 30
62 31
62 32
62 41
62 42
62 43
62 45
62 47
62 49
62 50
62 51
62 52
62 53
62 54
62 55
62 56
62 57
62 58
62 59
62 60
62 61
63 17
63 18
63 19
63 20
63 21
63 23
63 24
63 25
63 26
63 28
63 29
63 31
63 32
63 50
63 52
63 53
63 54
63 55
63 56
63 57
63 58
63 59
63 60
63 61
63 62
64 11
64 12
64 14
64 16
64 17
64 18
64 19
64 20
64 21
64 23
64 24
64 28
64 29
64 31
64 32
64 41
64 42
64 43
64 45
64 47
64 49
64 50
64 51
64 52
64 53
64 54
64 55
64 56
64 57
64 58
64 59
64 60
64 61
64 62
64 63
65 1
65 2
65 3
65 4
65 5
65 6
65 7
65 8
65 9
65 10
65 11
65 12
65 13
65 14
65 15
65 16
65 17
65 18
65 19
65 20
65 21
65 23
65 24
65 33
65 34
65 35
65 36
65 37
65 38
65 39
65 40
65 41
65 42
65 43
65 44
65 45
65 46
65 47
65 48
65 50
65 52
65 54
65 55
65 56
66 1
66 2
66 3
66 4
66 5
66 6
66 7
66 8
66 10
66 11
66 12
66 13
66 14
66 15
66 16
66 19
66 33
66 34
66 35
66 36
66 37
66 38
66 39
66 40
66 42
66 43
66 44
66 45
66 46
66 47
66 65
67 1
67 2
67 3
67 4
67 5
67 6
67 7
67 8
67 9
67 10
67 11
67 12
67 13
67 14
67 15
67 16
67 17
67 18
67 19
67 20
67 22
67 23
67 37
67 65
67 66
68 1
68 2
68 3
68 4
68 5
68 6
68 7
68 8
68 9
68 10
68 11
68 12
68 13
68 14
68 15
68 16
68 17
68 18
68 19
68 20
68 21
68 23
68 34
68 35
68 37
68 38
68 39
68 42
68 43
68 44
68 46
68 47
68 50
68 65
68 66
68 67
69 1
69 2
69 3
69 4
69 5
69 6
69 7
69 8
69 9
69 10
69 11
69 12
69 13
69 14
69 15
69 16
69 19
69 23
69 34
69 35
69 37
69 38
69 39
69 42
69 43
69 44
69 46
69 47
69 65
69 66
69 67
69 68
70 1
70 2
70 3
70 4
70 5
70 6
70 7
70 8
70 9
70 10
70 11
70 12
70 13
70 14
70 15
70 16
70 19
70 34
70 35
70 37
70 38
70 39
70 42
70 44
70 46
70 47
70 65
70 66
70 67
70 68
70 69
