70
2 1
3 1
3 2
4 1
4 2
4 3
5 1
5 2
5 3
5 4
6 1
6 2
6 3
6 4
6 5
7 1
7 2
7 3
7 4
7 5
7 6
8 1
8 2
8 3
8 4
8 5
8 6
8 7
9 1
9 2
9 3
9 4
9 5
9 6
9 7
9 8
10 1
10 2
10 3
10 4
10 5
10 6
10 7
10 8
10 9
11 1
11 2
11 3
11 4
11 5
11 6
11 7
11 8
11 9
11 10
12 1
12 2
12 3
12 4
12 5
12 6
12 7
12 8
12 9
12 10
12 11
13 1
13 2
13 3
13 4
13 5
13 6
13 7
13 8
13 9
13 10
13 11
13 12
14 1
14 2
14 3
14 4
14 5
14 6
14 7
14 8
14 9
14 10
14 11
14 12
14 13
15 1
15 2
15 3
15 4
15 5
15 6
15 7
15 8
15 9
15 10
15 11
15 12
15 13
15 14
16 1
16 2
16 3
16 4
16 5
16 6
16 7
16 8
16 9
16 10
16 11
16 12
16 13
16 14
16 15
17 1
17 2
17 3
17 5
17 6
17 7
17 8
17 9
17 10
17 11
17 12
17 13
17 14
17 15
17 16
18 3
18 9
18 10
18 11
18 12
18 13
18 15
18 16
18 17
19 3
19 9
19 10
19 11
19 12
19 13
19 14
19 15
19 16
19 17
19 18
20 2
20 3
20 7
20 9
20 10
20 11
20 12
20 13
20 14
20 15
20 16
20 17
20 18
20 19
21 2
21 3
21 5
21 6
21 7
21 8
21 9
21 10
21 11
21 12
21 13
21 14
21 15
21 16
21 17
21 18
21 19
21 20
22 2
22 3
22 8
22 9
22 10
22 11
22 12
22 14
22 15
22 16
22 17
22 18
22 19
22 20
22 21
23 2
23 3
23 7
23 9
23 10
23 11
23 12
23 13
23 14
23 15
23 16
23 17
23 18
23 19
23 20
23 21
23 22
24 2
24 3
24 5
24 6
24 7
24 8
24 9
24 10
24 11
24 12
24 13
24 14
24 15
24 16
24 17
24 18
24 19
24 20
24 21
24 22
24 23
25 9
25 10
25 11
25 17
25 18
25 19
25 20
25 21
25 22
25 23
25 24
26 17
26 18
26 19
26 20
26 21
26 22
26 23
26 24
26 25
27 9
27 10
27 11
27 17
27 18
27 19
27 20
27 21
27 22
27 23
27 24
27 25
27 26
28 9
28 10
28 11
28 13
28 15
28 16
28 17
28 18
28 19
28 20
28 21
28 22
28 23
28 24
28 25
28 26
28 27
29 3
29 9
29 10
29 11
29 12
29 13
29 14
29 15
29 16
29 17
29 18
29 19
29 20
29 21
29 22
29 23
29 24
29 25
29 26
29 27
29 28
30 9
30 10
30 11
30 12
30 13
30 15
30 16
30 17
30 18
30 19
30 20
30 21
30 22
30 23
30 24
30 25
30 26
30 27
30 28
30 29
31 9
31 10
31 11
31 12
31 17
31 18
31 19
31 20
31 21
31 22
31 23
31 24
31 25
31 26
31 27
31 28
31 29
31 30
32 9
32 10
32 11
32 17
32 18
32 19
32 20
32 21
32 22
32 23
32 24
32 25
32 26
32 27
32 28
32 29
32 30
32 31
33 1
33 2
33 3
33 5
33 6
33 8
33 12
33 14
33 17
34 2
34 8
34 33
35 2
35 8
35 33
35 34
36 2
36 6
36 8
36 12
36 14
36 33
36 34
36 35
37 1
37 2
37 3
37 5
37 6
37 8
37 10
37 12
37 14
37 17
37 24
37 33
37 34
37 35
37 36
38 2
38 8
38 33
38 34
38 35
38 36
38 37
39 2
39 5
39 6
39 8
39 12
39 14
39 17
39 33
39 34
39 35
39 36
39 37
39 38
40 1
40 2
40 3
40 5
40 6
40 7
40 8
40 10
40 12
40 14
40 15
40 16
40 17
40 33
40 34
40 35
40 36
40 37
40 38
40 39
41 2
41 14
41 33
41 34
41 35
41 36
41 37
41 38
41 39
41 40
42 2
42 6
42 8
42 12
42 14
42 17
42 22
42 24
42 33
42 34
42 35
42 36
42 37
42 38
42 39
42 40
42 41
43 2
43 6
43 8
43 12
43 14
43 17
43 22
43 24
43 33
43 34
43 35
43 36
43 37
43 38
43 39
43 40
43 41
43 42
44 2
44 6
44 8
44 12
44 14
44 17
44 22
44 24
44 33
44 34
44 35
44 36
44 37
44 38
44 39
44 40
44 41
44 42
44 43
45 2
45 6
45 8
45 12
45 14
45 17
45 22
45 24
45 33
45 34
45 35
45 36
45 37
45 38
45 39
45 40
45 41
45 42
45 43
45 44
46 2
46 8
46 12
46 14
46 33
46 34
46 35
46 36
46 37
46 38
46 39
46 40
46 41
46 42
46 43
46 44
46 45
47 1
47 2
47 3
47 5
47 6
47 8
47 9
47 10
47 11
47 12
47 14
47 15
47 16
47 17
47 19
47 20
47 21
47 22
47 23
47 24
47 29
47 30
47 31
47 33
47 34
47 35
47 36
47 37
47 38
47 39
47 40
47 41
47 42
47 43
47 44
47 45
47 46
48 2
48 3
48 5
48 6
48 8
48 9
48 10
48 11
48 12
48 14
48 15
48 16
48 17
48 19
48 20
48 21
48 22
48 23
48 24
48 26
48 29
48 30
48 31
48 33
48 34
48 36
48 37
48 39
48 40
48 41
48 42
48 43
48 44
48 45
48 46
48 47
49 2
49 12
49 14
49 17
49 20
49 22
49 23
49 24
49 26
49 29
49 30
49 31
49 32
49 33
49 37
49 39
49 41
49 42
49 43
49 44
49 45
49 46
49 47
49 48
50 2
50 8
50 10
50 11
50 12
50 14
50 17
50 18
50 19
50 20
50 21
50 22
50 23
50 24
50 25
50 26
50 27
50 29
50 30
50 31
50 32
50 33
50 37
50 39
50 41
50 42
50 43
50 44
50 45
50 46
50 47
50 48
50 49
51 2
51 6
51 8
51 10
51 12
51 14
51 17
51 20
51 22
51 23
51 24
51 26
51 29
51 31
51 33
51 34
51 36
51 37
51 39
51 40
51 41
51 42
51 43
51 44
51 45
51 46
51 47
51 48
51 49
51 50
52 2
52 8
52 10
52 11
52 12
52 14
52 17
52 19
52 20
52 21
52 22
52 23
52 24
52 25
52 26
52 27
52 29
52 30
52 31
52 32
52 33
52 37
52 39
52 41
52 42
52 43
52 44
52 45
52 46
52 47
52 48
52 49
52 50
52 51
53 2
53 14
53 17
53 20
53 22
53 23
53 24
53 26
53 29
53 30
53 31
53 32
53 33
53 37
53 39
53 41
53 42
53 43
53 44
53 45
53 46
53 47
53 48
53 49
53 50
53 51
53 52
54 2
54 12
54 14
54 17
54 19
54 20
54 21
54 22
54 23
54 24
54 25
54 26
54 27
54 29
54 30
54 31
54 32
54 33
54 37
54 39
54 41
54 42
54 43
54 44
54 45
54 46
54 47
54 48
54 49
54 50
54 51
54 52
54 53
55 2
55 14
55 17
55 22
55 33
55 34
55 35
55 36
55 37
55 38
55 39
55 41
55 42
55 43
55 44
55 45
55 46
55 47
55 48
55 49
55 50
55 51
55 52
55 53
55 54
56 2
56 8
56 12
56 14
56 17
56 22
56 24
56 33
56 34
56 35
56 36
56 37
56 38
56 39
56 40
56 41
56 42
56 43
56 44
56 45
56 46
56 47
56 48
56 49
56 50
56 51
56 52
56 53
56 54
56 55
57 22
57 26
57 31
57 41
57 42
57 44
57 45
57 48
57 49
57 50
57 51
57 52
57 53
57 54
57 55
57 56
58 22
58 26
58 41
58 42
58 43
58 44
58 45
58 46
58 48
58 49
58 50
58 51
58 52
58 53
58 54
58 55
58 56
58 57
59 17
59 19
59 20
59 22
59 23
59 24
59 25
59 26
59 27
59 29
59 30
59 31
59 32
59 41
59 42
59 43
59 44
59 45
59 47
59 48
59 49
59 50
59 51
59 52
59 53
59 54
59 55
59 56
59 57
59 58
60 22
60 26
60 31
60 41
60 42
60 44
60 45
60 47
60 48
60 49
60 50
60 51
60 52
60 53
60 54
60 55
60 56
60 57
60 58
60 59
61 22
61 26
61 41
61 42
61 43
61 44
61 45
61 46
61 47
61 48
61 49
61 50
61 51
61 52
61 53
61 54
61 55
61 56
61 57
61 58
61 59
61 60
62 17
62 20
62 22
62 23
62 24
62 25
62 26
62 27
62 29
62 30
62 31
62 32
62 42
62 44
62 47
62 48
62 49
62 50
62 51
62 52
62 53
62 54
62 55
62 56
62 57
62 58
62 59
62 60
62 61
63 22
63 26
63 41
63 42
63 43
63 44
63 45
63 46
63 47
63 48
63 49
63 50
63 51
63 52
63 53
63 54
63 55
63 56
63 57
63 58
63 59
63 60
63 61
63 62
64 26
64 41
64 42
64 43
64 44
64 45
64 46
64 47
64 48
64 49
64 50
64 51
64 52
64 53
64 54
64 55
64 56
64 57
64 58
64 59
64 60
64 61
64 62
64 63
65 1
65 2
65 3
65 4
65 5
65 6
65 7
65 8
65 9
65 10
65 11
65 12
65 13
65 14
65 15
65 16
65 17
65 20
65 21
65 22
65 23
65 24
65 33
65 34
65 35
65 36
65 37
65 38
65 39
65 40
65 41
65 42
65 43
65 44
65 45
65 46
65 47
65 48
65 49
65 50
65 51
65 52
65 54
65 55
65 56
66 1
66 2
66 3
66 4
66 5
66 6
66 7
66 8
66 9
66 10
66 11
66 12
66 13
66 14
66 15
66 16
66 17
66 18
66 19
66 20
66 21
66 23
66 24
66 40
66 48
66 65
67 1
67 2
67 3
67 4
67 5
67 6
67 7
67 8
67 9
67 10
67 11
67 12
67 13
67 14
67 15
67 16
67 40
67 65
67 66
68 1
68 2
68 3
68 4
68 5
68 6
68 7
68 8
68 9
68 10
68 11
68 12
68 13
68 14
68 15
68 16
68 17
68 21
68 40
68 65
68 66
68 67
69 1
69 2
69 3
69 4
69 5
69 6
69 7
69 8
69 10
69 12
69 13
69 14
69 15
69 16
69 17
69 33
69 34
69 35
69 36
69 37
69 38
69 39
69 40
69 42
69 43
69 44
69 45
69 46
69 47
69 48
69 51
69 65
69 66
69 67
69 68
70 1
70 2
70 3
70 4
70 5
70 6
70 7
70 8
70 9
70 10
70 11
70 12
70 13
70 14
70 15
70 16
70 40
70 65
70 66
70 67
70 68
70 69
